BGC	macb	mfs4	tonb_rec	mfs	mfs5	abc_mem	abc_mem2	mfs2	abc_mem3	abc_cdc	abc_tran	mfs3	
BGC0001769	0	0	0	3	0	0	0	0	0	0	0	1	
BGC0001790	0	0	0	1	0	0	0	0	0	0	0	1	
BGC0001690	0	0	0	2	0	2	0	0	0	0	2	1	
BGC0000125	0	0	0	2	0	2	0	0	0	0	2	1	
BGC0000236	0	0	0	3	0	0	0	0	0	0	0	1	
BGC0000944	0	0	0	2	0	0	0	0	0	0	0	1	
BGC0001669	0	0	0	1	0	0	0	1	0	0	1	1	
BGC0000223	0	0	0	3	0	0	0	0	0	0	0	1	
BGC0000950	0	0	0	2	0	0	0	0	0	0	0	1	
BGC0000414	0	0	0	2	0	0	0	0	0	0	0	1	
BGC0000951	0	0	0	2	0	0	0	0	0	0	0	1	
BGC0001351	0	0	0	2	0	0	0	0	0	0	2	1	
BGC0000454	0	0	1	1	0	0	0	0	0	0	0	1	
BGC0001796	0	0	0	1	0	0	0	1	0	0	0	1	
BGC0000451	0	0	1	1	0	0	0	0	0	0	0	1	
BGC0000371	0	0	0	4	0	0	0	0	0	0	0	1	
BGC0000698	0	0	0	1	0	0	0	0	0	0	2	1	
BGC0000417	0	0	0	2	0	0	0	0	1	0	0	1	
BGC0000715	0	0	0	1	0	0	0	1	0	0	0	1	
BGC0000300	0	0	0	2	0	0	0	0	0	0	0	1	
BGC0000873	0	1	0	2	0	0	0	0	0	0	2	1	
BGC0001561	0	0	0	2	0	0	0	0	0	0	1	1	
BGC0000388	0	0	0	1	0	0	0	0	0	0	1	1	
BGC0001774	0	0	0	1	0	0	0	1	0	0	0	1	
BGC0001101	0	0	0	4	0	0	0	0	0	0	6	2	
BGC0000316	0	0	0	1	0	0	0	0	0	0	0	1	
BGC0001813	0	0	0	1	0	0	0	0	0	0	0	1	
BGC0001368	0	0	0	1	0	0	0	0	0	0	0	1	
BGC0001070	0	0	0	5	0	0	0	1	0	0	0	1	
BGC0000369	0	0	0	2	0	1	0	0	0	0	1	1	
BGC0001020	0	0	0	1	0	0	0	0	0	0	1	1	
BGC0001570	0	0	0	1	0	0	0	0	0	0	0	1	
BGC0001148	0	0	0	1	0	2	0	0	0	0	2	1	
BGC0001138	0	0	0	1	0	0	0	0	0	0	2	1	
BGC0000378	0	0	0	3	0	0	0	0	0	0	0	1	
BGC0001295	0	0	0	2	0	0	0	0	0	0	0	1	
BGC0000716	0	0	0	1	0	0	0	1	0	0	0	1	
BGC0000960	0	0	0	1	0	0	0	0	0	0	0	1	
BGC0000458	0	0	0	1	0	0	0	0	0	0	0	1	
BGC0001814	0	0	0	2	0	0	0	0	0	0	2	1	
BGC0000938	0	0	0	2	0	0	0	0	0	0	1	1	
BGC0001614	0	0	0	2	0	1	0	0	0	0	1	0	
BGC0001569	0	0	0	2	0	0	0	0	0	0	2	1	
BGC0000443	0	0	0	1	0	0	0	0	0	0	0	1	
BGC0001157	0	0	0	2	0	0	0	0	0	0	0	1	
BGC0001416	0	0	0	1	0	1	0	0	0	0	1	1	
BGC0000468	0	0	0	2	0	0	0	0	0	0	0	1	
BGC0000470	0	0	0	2	0	0	0	0	0	0	0	1	
BGC0000469	0	0	0	2	0	0	0	0	0	0	1	1	
BGC0001608	0	0	0	1	0	0	0	0	0	0	0	1	
BGC0001536	0	0	0	2	0	2	0	0	0	0	2	1	
BGC0001154	0	0	0	1	0	0	0	0	0	0	0	1	
BGC0001151	0	0	0	2	0	0	0	0	0	0	0	1	
BGC0001300	0	0	0	1	0	0	1	0	1	0	1	1	
BGC0001177	0	0	0	0	0	0	0	0	0	0	0	1	
BGC0000652	0	0	0	4	0	0	0	0	0	0	0	1	
BGC0001079	0	0	0	5	0	0	0	0	0	0	0	1	
BGC0000952	0	0	0	1	0	0	1	0	1	0	1	1	
BGC0000806	0	0	0	1	0	0	0	0	0	0	0	1	
BGC0001283	0	0	0	1	0	0	0	0	0	0	1	1	
BGC0000459	0	0	0	2	0	0	0	0	0	0	2	1	
BGC0001156	0	0	0	1	0	0	0	0	0	0	0	1	
BGC0000194	0	0	0	2	0	0	0	0	0	0	0	1	
BGC0001140	0	0	0	1	0	0	0	0	0	0	0	1	
BGC0001759	0	0	0	1	0	0	0	0	0	0	1	1	
BGC0001676	0	0	0	3	0	0	0	0	0	0	0	1	
BGC0001598	2	0	0	5	0	0	0	0	0	0	1	0	
BGC0001792	0	0	0	2	0	0	0	0	0	0	1	1	
BGC0000323	1	0	0	0	0	0	0	0	0	0	1	0	
BGC0000435	1	0	0	0	0	0	0	0	0	0	1	0	
BGC0001629	1	0	0	0	0	1	0	0	0	0	2	0	
BGC0000329	1	0	0	0	0	0	0	0	0	0	1	0	
BGC0000437	1	0	0	0	0	1	0	0	0	0	2	0	
BGC0001509	1	0	0	0	0	0	0	0	0	0	1	0	
BGC0000344	1	0	0	0	0	0	0	0	0	0	2	0	
BGC0001208	1	0	0	0	0	0	0	0	0	0	1	0	
BGC0000411	1	0	0	0	0	0	0	0	0	0	1	0	
BGC0001312	1	0	1	0	0	0	0	0	0	0	1	0	
BGC0000463	1	0	0	0	0	0	0	0	0	0	1	0	
BGC0000399	1	0	0	0	0	0	0	0	0	0	1	0	
BGC0001389	1	0	0	0	0	0	0	0	0	0	1	0	
BGC0000398	1	0	0	0	0	0	0	0	0	0	1	0	
BGC0001346	1	0	0	0	0	0	0	0	0	0	1	0	
BGC0000425	1	0	0	0	0	1	0	0	0	0	2	0	
BGC0000462	1	0	0	1	0	0	0	1	0	0	1	0	
BGC0000447	1	0	0	0	0	1	0	0	0	0	2	0	
BGC0001728	1	0	0	2	0	0	0	0	0	0	1	0	
BGC0000413	1	0	1	4	0	2	0	0	0	0	4	0	
BGC0001555	1	0	2	1	0	3	0	0	0	0	5	0	
BGC0001482	2	0	0	0	0	0	0	0	0	0	0	0	
BGC0001483	2	0	0	0	0	0	0	0	0	0	0	0	
BGC0000488	1	0	0	0	0	0	0	0	0	0	2	0	
BGC0000611	2	0	0	0	0	0	0	0	0	0	1	0	
BGC0000655	2	0	0	0	0	0	0	0	0	0	1	0	
BGC0000487	1	0	0	0	0	0	0	0	0	0	2	0	
BGC0000142	2	0	0	1	0	0	0	0	0	0	1	0	
BGC0000095	2	0	0	1	0	0	0	0	0	0	0	0	
BGC0000133	1	0	0	0	0	0	0	0	0	0	1	0	
BGC0001429	2	0	0	0	0	0	0	0	0	0	1	0	
BGC0000291	1	0	0	0	0	0	1	0	1	0	2	0	
BGC0001431	2	0	0	0	0	0	0	0	0	0	1	0	
BGC0001635	1	0	0	0	0	1	0	0	0	0	2	0	
BGC0001299	2	0	0	0	0	0	0	0	1	0	2	0	
BGC0001352	1	0	0	0	0	0	0	0	0	0	1	0	
BGC0000257	2	0	0	0	0	0	0	0	0	0	1	0	
BGC0001196	1	0	0	0	0	0	0	0	0	0	3	0	
BGC0001591	1	0	0	0	0	0	0	0	0	0	1	0	
BGC0001688	1	0	0	0	0	0	0	0	0	0	1	0	
BGC0001056	1	0	0	0	0	0	1	0	1	0	2	0	
BGC0001343	1	0	0	0	0	0	0	0	0	0	1	0	
BGC0001810	0	0	0	3	0	0	0	1	0	0	0	0	
BGC0000163	0	0	0	2	0	0	0	1	0	0	1	0	
BGC0000285	0	0	0	2	0	0	0	1	0	0	0	0	
BGC0001643	0	0	0	2	0	2	0	1	0	0	2	0	
BGC0000123	0	0	0	3	0	0	0	1	0	0	0	0	
BGC0001336	0	0	0	4	0	0	0	1	0	0	0	0	
BGC0000268	0	0	0	4	0	0	0	1	0	0	0	0	
BGC0001184	0	0	0	3	0	0	0	1	0	0	0	0	
BGC0001442	0	0	0	3	0	0	0	1	0	0	0	0	
BGC0001497	0	0	0	3	0	0	0	1	0	0	0	0	
BGC0001055	0	0	1	2	0	2	0	1	0	0	2	0	
BGC0000093	0	0	0	3	0	0	0	1	0	0	2	0	
BGC0000885	0	1	0	2	0	0	0	1	0	0	0	0	
BGC0000178	0	0	0	1	0	0	0	1	0	0	0	0	
BGC0001093	0	0	0	2	0	0	0	1	0	0	0	0	
BGC0000190	0	0	0	2	0	0	0	1	0	0	0	0	
BGC0000352	0	0	1	1	0	0	0	1	0	0	0	0	
BGC0001075	0	0	0	2	0	0	0	1	0	0	0	0	
BGC0001106	0	0	0	1	1	0	0	0	0	0	0	0	
BGC0000422	0	0	0	2	0	0	0	0	0	0	0	0	
BGC0000001	0	0	0	2	0	0	0	0	0	0	2	0	
BGC0001783	0	0	0	5	0	0	0	0	0	0	0	0	
BGC0001193	0	0	0	2	0	0	0	0	0	0	0	0	
BGC0001590	0	0	0	2	0	0	0	0	0	0	2	0	
BGC0001288	0	0	0	2	0	0	0	0	0	0	1	0	
BGC0000206	0	0	0	1	0	0	0	0	0	0	1	0	
BGC0000207	0	0	0	1	0	0	0	0	0	0	1	0	
BGC0001798	0	0	0	2	0	0	0	0	0	0	0	0	
BGC0000074	0	0	0	2	0	0	0	0	0	0	1	0	
BGC0000695	0	0	0	2	0	0	0	0	0	0	0	0	
BGC0001719	0	0	0	2	0	0	0	0	0	0	1	0	
BGC0001740	0	0	0	1	0	0	0	0	0	0	0	0	
BGC0001611	0	0	0	1	0	0	0	0	0	0	0	0	
BGC0001694	0	0	0	2	0	0	0	0	0	0	2	0	
BGC0001179	0	0	0	1	0	0	0	0	0	0	1	0	
BGC0001702	0	0	0	1	0	0	0	0	0	0	0	0	
BGC0001441	0	0	0	1	0	0	0	0	0	0	0	0	
BGC0001377	0	0	0	2	0	0	0	0	0	0	0	0	
BGC0001815	0	0	0	2	0	0	0	0	0	0	0	0	
BGC0001675	0	0	0	3	0	0	0	0	0	0	0	0	
BGC0000224	0	0	0	3	0	0	0	0	0	0	0	0	
BGC0000354	0	0	0	2	0	0	1	0	1	0	1	0	
BGC0000235	0	0	0	1	0	0	0	0	0	0	1	0	
BGC0001440	0	0	0	1	0	0	0	0	0	0	0	0	
BGC0001065	0	0	0	5	0	0	0	0	0	0	2	0	
BGC0000452	0	1	0	2	0	2	0	0	0	0	4	0	
BGC0001019	0	0	0	1	0	0	0	0	0	0	0	0	
BGC0000087	0	0	0	2	0	0	0	0	0	0	2	0	
BGC0000086	0	0	0	1	0	0	0	0	0	0	0	0	
BGC0000219	0	0	0	1	0	0	0	0	0	0	0	0	
BGC0001392	0	0	1	2	0	1	0	0	0	0	2	0	
BGC0001200	0	0	0	1	0	0	0	0	0	0	1	0	
BGC0000704	0	0	0	2	0	0	0	0	0	0	2	0	
BGC0000705	0	0	0	2	0	0	0	0	0	0	2	0	
BGC0000977	0	0	0	1	0	0	0	0	0	0	0	0	
BGC0001443	0	0	0	1	0	0	0	0	0	0	0	0	
BGC0000700	0	0	0	2	0	0	0	0	0	0	0	0	
BGC0000262	0	0	0	3	0	0	0	0	0	0	0	0	
BGC0001378	0	0	0	2	0	0	0	0	0	0	0	0	
BGC0001804	0	0	0	2	0	0	0	0	0	0	0	0	
BGC0001436	0	0	0	3	0	0	0	0	0	0	0	0	
BGC0001557	0	0	0	3	0	0	0	0	0	0	0	0	
BGC0001823	0	0	0	1	0	0	0	0	0	0	0	0	
BGC0001622	0	0	0	2	0	0	0	0	0	0	0	0	
BGC0000237	0	0	0	1	0	0	0	0	0	0	0	0	
BGC0000238	0	0	0	1	0	0	0	0	0	0	0	0	
BGC0001755	0	0	0	1	0	0	0	0	0	0	0	0	
BGC0000373	0	0	0	2	0	0	0	0	0	0	0	0	
BGC0000209	0	0	0	2	0	0	0	0	0	0	0	0	
BGC0000466	0	0	0	1	0	0	0	0	0	0	0	0	
BGC0000036	0	0	0	1	0	0	0	0	0	0	0	0	
BGC0001648	0	0	0	1	0	0	0	0	0	0	0	0	
BGC0000276	0	0	0	2	0	0	0	0	0	0	0	0	
BGC0000277	0	0	0	1	0	0	0	0	0	0	0	0	
BGC0000140	0	0	0	1	0	0	0	0	0	0	0	0	
BGC0000264	0	0	0	1	0	0	0	0	0	0	0	0	
BGC0000162	0	0	0	2	0	0	0	0	0	0	0	0	
BGC0000100	0	0	0	1	0	0	0	0	0	0	0	0	
BGC0001670	0	0	0	1	0	0	0	0	0	0	0	0	
BGC0001213	0	0	0	1	0	2	0	0	0	0	2	0	
BGC0000275	0	0	0	1	0	0	0	0	0	0	0	0	
BGC0000926	0	0	0	2	0	0	0	0	0	0	0	0	
BGC0000213	0	0	0	1	0	0	0	0	0	0	0	0	
BGC0001666	0	0	0	1	0	0	0	0	0	0	0	0	
BGC0000689	0	0	0	1	0	0	0	0	0	0	0	0	
BGC0000696	0	0	0	2	0	0	1	0	0	0	1	0	
BGC0000697	0	0	0	1	0	0	0	0	0	0	0	0	
BGC0001603	0	0	0	2	0	0	0	0	0	0	0	0	
BGC0000208	0	0	0	1	0	0	0	0	0	0	0	0	
BGC0001301	0	0	0	1	0	0	1	0	0	0	1	0	
BGC0001480	0	0	0	1	0	0	0	0	0	0	0	0	
BGC0001339	0	0	0	4	0	0	0	0	0	0	0	0	
BGC0000392	0	0	0	1	0	0	0	0	0	0	1	0	
BGC0000197	0	0	0	1	0	0	0	0	0	0	0	0	
BGC0000084	0	0	0	2	0	0	0	0	0	0	1	0	
BGC0000431	0	0	0	1	0	0	0	0	0	0	0	0	
BGC0000112	0	0	0	1	0	0	0	0	0	0	0	0	
BGC0000714	0	0	0	2	0	0	0	0	0	0	0	0	
BGC0000717	0	0	0	1	0	2	0	0	0	0	3	0	
BGC0001571	0	0	0	2	0	0	0	0	0	0	0	0	
BGC0001052	0	0	0	1	0	0	0	0	0	0	0	0	
BGC0001538	0	0	0	1	0	0	0	0	0	0	0	0	
BGC0000833	0	0	0	2	0	0	0	0	0	0	0	0	
BGC0000907	0	0	0	1	0	0	0	0	0	0	2	0	
BGC0000136	0	0	0	1	0	0	0	0	0	0	1	0	
BGC0000239	0	0	0	1	0	0	0	0	0	0	0	0	
BGC0000220	0	0	0	1	0	0	0	0	0	0	0	0	
BGC0000226	0	0	0	1	0	0	0	0	0	0	0	0	
BGC0001438	0	0	0	2	0	0	0	0	0	0	0	0	
BGC0001384	0	0	0	4	0	0	0	0	0	0	0	0	
BGC0001468	0	0	0	1	0	0	0	0	0	0	0	0	
BGC0001530	0	0	0	1	0	0	0	0	0	0	0	0	
BGC0001556	0	0	0	2	0	0	0	0	0	0	0	0	
BGC0001644	0	0	0	2	0	0	0	0	0	0	0	0	
BGC0000229	0	0	0	2	0	0	0	0	0	0	0	0	
BGC0001286	0	0	0	1	0	0	0	0	0	0	0	0	
BGC0000368	0	0	0	1	0	0	0	0	0	0	1	0	
BGC0001083	0	0	0	2	0	0	0	0	0	0	0	0	
BGC0000216	0	0	0	1	0	0	0	0	0	0	0	0	
BGC0000915	0	0	0	1	0	0	0	0	0	0	0	0	
BGC0000033	0	0	0	1	0	0	1	0	1	0	1	0	
BGC0000225	0	0	0	1	0	0	0	0	0	0	2	0	
BGC0001011	0	0	0	2	0	0	0	0	0	0	0	0	
BGC0001574	0	0	0	1	0	0	0	0	0	0	3	0	
BGC0000821	0	0	0	1	0	0	0	0	0	0	0	0	
BGC0000822	0	0	0	1	0	0	0	0	0	0	0	0	
BGC0000376	0	0	0	1	0	0	0	0	0	0	0	0	
BGC0001819	0	0	0	2	0	0	0	0	0	0	0	0	
BGC0001500	0	0	0	1	0	0	0	0	0	0	0	0	
BGC0001492	0	0	0	1	0	0	0	0	0	0	2	0	
BGC0001637	0	0	0	1	0	0	0	0	0	0	1	0	
BGC0001003	0	0	0	1	0	0	0	0	0	0	0	0	
BGC0001038	0	0	0	1	0	0	0	0	0	0	0	0	
BGC0000943	0	0	0	2	0	0	0	0	0	0	0	0	
BGC0001172	0	0	0	1	0	0	0	0	0	0	0	0	
BGC0000158	0	0	0	1	0	0	0	0	0	0	0	0	
BGC0001194	0	0	0	1	0	0	0	0	0	0	0	0	
BGC0000270	0	0	0	1	0	0	0	0	0	0	0	0	
BGC0000222	0	0	0	1	0	0	0	0	0	0	0	0	
BGC0001731	0	0	0	2	0	0	0	0	0	0	0	0	
BGC0001150	0	0	0	1	0	0	0	0	0	0	0	0	
BGC0001784	0	0	0	1	0	0	0	0	0	0	0	0	
BGC0001072	0	0	0	1	0	0	0	0	0	0	0	0	
BGC0001303	0	0	0	1	0	0	1	0	1	0	2	0	
BGC0000187	0	0	0	3	0	0	0	0	0	0	0	0	
BGC0001584	0	0	0	2	0	0	0	0	0	0	1	0	
BGC0001512	0	0	0	2	0	0	0	0	0	0	0	0	
BGC0001732	0	0	0	2	0	0	0	0	0	0	0	0	
BGC0000267	0	0	0	2	0	0	0	0	0	0	0	0	
BGC0000227	0	0	0	1	0	0	0	0	0	0	0	0	
BGC0000079	0	0	0	1	0	0	0	0	0	0	0	0	
BGC0001661	0	0	0	1	0	0	0	0	0	0	0	0	
BGC0000446	0	0	0	1	0	0	0	0	0	0	1	0	
BGC0001805	0	0	0	1	0	0	0	0	0	0	1	0	
BGC0000317	0	0	0	2	0	0	0	0	0	0	0	0	
BGC0000165	0	0	0	1	0	0	0	0	0	0	1	0	
BGC0001597	0	0	0	1	0	0	0	0	0	0	0	0	
BGC0001366	0	0	0	1	0	0	0	0	0	0	0	0	
BGC0001004	0	0	0	2	0	0	0	0	0	0	0	0	
BGC0001807	0	0	0	2	0	0	0	0	0	0	0	0	
BGC0001593	0	0	0	3	0	0	0	0	0	0	1	0	
BGC0001183	0	0	0	2	0	0	0	0	0	0	0	0	
BGC0000134	0	1	0	1	0	0	0	0	0	0	0	0	
BGC0000195	0	0	0	1	0	0	0	0	0	0	0	0	
BGC0001730	0	0	0	1	0	0	0	0	0	0	0	0	
BGC0000230	0	0	0	1	0	0	0	0	0	0	0	0	
BGC0000678	0	0	0	1	0	0	0	0	0	0	0	0	
BGC0001583	0	0	0	1	0	0	0	0	0	0	0	0	
BGC0001382	0	0	0	1	0	0	0	0	0	0	0	0	
BGC0000319	0	0	0	1	0	0	0	0	0	0	0	0	
BGC0000965	0	0	0	2	0	0	0	0	0	0	1	0	
BGC0001397	0	0	0	2	0	0	0	0	0	0	1	0	
BGC0001199	0	0	0	1	0	0	0	0	0	0	0	0	
BGC0001062	0	0	0	3	0	0	0	0	0	0	0	0	
BGC0000161	0	0	0	3	0	0	0	0	0	0	0	0	
BGC0001503	0	0	0	1	0	0	0	0	0	0	0	0	
BGC0000240	0	0	0	1	0	1	0	0	0	0	2	0	
BGC0000097	0	0	0	1	0	0	0	0	0	0	0	0	
BGC0001365	0	0	0	1	0	0	0	0	0	0	0	0	
BGC0000914	0	0	0	1	0	0	0	0	0	0	0	0	
BGC0001308	0	0	0	1	0	0	0	0	0	0	0	0	
BGC0001738	0	0	0	1	0	0	0	0	0	0	0	0	
BGC0000203	0	0	0	4	0	0	0	0	0	0	0	0	
BGC0001485	0	0	0	2	0	0	0	0	0	0	0	0	
BGC0001546	0	0	0	2	0	0	0	0	0	0	0	0	
BGC0000908	0	0	0	1	0	0	0	0	0	0	0	0	
BGC0000202	0	0	0	3	0	0	0	0	0	0	0	0	
BGC0000029	0	0	0	1	0	0	0	0	0	0	0	0	
BGC0000253	0	0	0	2	0	0	0	0	0	0	0	0	
BGC0000082	0	0	0	1	0	0	0	0	0	0	0	0	
BGC0001088	0	0	0	1	0	0	0	0	0	0	0	0	
BGC0001298	0	0	0	1	0	0	0	0	0	0	0	0	
BGC0000221	0	0	0	2	0	0	0	0	0	0	0	0	
BGC0001596	0	0	0	1	0	0	0	0	0	0	0	0	
BGC0001073	0	0	0	1	0	0	1	0	1	0	1	0	
BGC0000241	0	0	0	1	0	1	0	0	0	0	2	0	
BGC0001008	0	0	0	1	0	0	0	0	0	0	0	0	
BGC0000039	0	0	0	1	0	0	0	0	0	0	0	0	
BGC0000893	0	1	0	1	0	0	0	0	0	0	0	0	
BGC0000081	0	0	0	2	0	0	0	0	0	0	1	0	
BGC0000420	0	0	0	1	0	0	0	0	0	0	0	0	
BGC0001246	0	0	0	1	0	0	0	0	0	0	0	0	
BGC0001119	0	0	0	2	0	0	0	0	0	0	0	0	
BGC0001084	0	0	0	1	0	0	0	0	0	0	0	0	
BGC0001302	0	0	0	2	0	0	0	0	0	0	0	0	
BGC0001046	0	0	0	1	0	0	0	0	0	0	0	0	
BGC0000089	0	0	0	2	0	0	0	0	0	0	0	0	
BGC0000814	0	0	0	1	0	0	0	0	0	0	4	0	
BGC0001026	0	0	0	1	0	0	0	0	0	0	0	0	
BGC0000809	0	0	0	1	0	0	0	0	0	0	0	0	
BGC0001778	0	0	0	1	0	0	0	0	0	0	0	0	
BGC0001446	0	0	0	2	0	0	0	0	0	0	0	0	
BGC0001349	0	0	0	1	0	0	0	0	0	0	0	0	
BGC0000098	0	0	0	1	0	0	0	0	0	0	0	0	
BGC0000038	0	0	0	1	0	0	0	0	0	0	0	0	
BGC0001439	0	0	0	2	0	0	0	0	0	0	0	0	
BGC0000892	0	0	0	1	0	0	0	0	0	0	0	0	
BGC0000283	0	0	0	2	0	0	0	0	0	0	0	0	
BGC0000232	0	0	0	2	0	0	0	0	0	0	0	0	
BGC0000925	0	0	1	2	0	0	0	0	0	0	0	0	
BGC0000045	0	0	0	1	0	0	0	0	0	0	0	0	
BGC0001449	0	0	0	1	0	0	0	0	0	0	0	0	
BGC0000394	0	0	0	1	0	0	0	0	0	0	1	0	
BGC0000662	0	0	0	3	0	0	0	0	0	0	0	0	
BGC0001123	0	0	0	1	0	1	0	0	0	0	1	0	
BGC0001345	0	0	0	2	0	0	0	0	0	0	0	0	
BGC0000242	0	0	0	2	0	0	0	0	0	0	0	0	
BGC0000144	0	0	0	1	0	0	0	0	0	0	1	0	
BGC0001231	0	0	0	2	0	0	0	0	0	0	0	0	
BGC0000004	0	0	0	1	0	0	0	0	0	0	0	0	
BGC0000304	0	0	0	1	0	0	0	0	0	0	0	0	
BGC0000154	0	0	0	1	0	0	0	0	0	0	0	0	
BGC0000168	0	0	0	1	0	0	0	0	0	0	0	0	
BGC0001729	0	0	0	1	0	0	0	0	0	0	0	0	
BGC0000409	0	1	0	2	0	0	0	0	0	0	1	0	
BGC0001340	0	0	0	2	0	0	0	0	0	0	0	0	
BGC0001385	0	0	0	2	0	0	0	0	0	0	0	0	
BGC0000385	0	0	2	2	0	2	0	0	0	0	2	0	
BGC0001714	0	0	0	1	0	0	0	0	0	0	0	0	
BGC0001122	0	0	0	1	0	0	0	0	0	0	0	0	
BGC0000680	0	0	0	1	0	0	0	0	0	0	0	0	
BGC0001338	0	0	0	1	0	0	0	0	0	0	0	0	
BGC0001563	0	0	0	2	0	0	0	0	0	0	0	0	
BGC0001190	0	0	0	2	0	0	0	0	0	0	0	0	
BGC0001741	0	0	0	1	0	0	0	0	0	0	0	0	
BGC0001142	0	0	0	1	0	0	0	0	0	0	0	0	
BGC0000303	0	0	0	2	0	0	0	0	0	0	1	0	
BGC0001131	0	0	0	1	0	0	0	0	0	0	0	0	
BGC0001398	0	0	0	1	0	1	0	0	0	0	2	0	
BGC0000383	0	0	0	1	0	0	0	0	0	0	0	0	
BGC0000245	0	0	0	1	0	0	0	0	0	0	0	0	
BGC0000150	0	0	0	2	0	0	0	0	0	0	0	0	
BGC0001518	0	0	0	1	0	0	0	0	0	0	0	0	
BGC0000370	0	0	0	1	0	0	0	0	0	0	0	0	
BGC0000010	0	0	0	1	0	0	0	0	0	0	0	0	
BGC0000281	0	1	0	1	0	0	0	0	0	0	0	0	
BGC0000233	0	0	0	1	0	0	1	0	1	0	2	0	
BGC0000007	0	0	0	1	0	0	0	0	0	0	0	0	
BGC0000076	0	0	0	1	0	0	0	0	0	0	0	0	
BGC0000077	0	0	0	1	0	0	0	0	0	0	0	0	
BGC0000436	0	0	0	2	0	0	0	0	0	0	0	0	
BGC0000006	0	0	0	1	0	0	0	0	0	0	0	0	
BGC0000009	0	0	0	1	0	0	0	0	0	0	0	0	
BGC0001047	0	0	0	1	0	0	0	0	0	0	0	0	
BGC0001543	0	0	0	1	0	0	0	0	0	0	2	0	
BGC0000603	0	0	0	1	0	0	0	0	0	0	0	0	
BGC0000997	0	0	0	1	0	0	0	0	0	0	0	0	
BGC0001466	0	0	0	1	0	0	0	0	0	0	0	0	
BGC0000008	0	0	0	1	0	0	0	0	0	0	0	0	
BGC0000955	0	0	0	1	0	0	0	0	0	0	0	0	
BGC0001415	0	0	0	1	0	0	0	0	0	0	0	0	
BGC0000653	0	0	0	1	0	0	0	0	0	0	0	0	
BGC0000935	0	0	0	1	0	0	0	0	0	0	0	0	
BGC0000953	0	0	0	1	0	0	0	0	0	0	2	0	
BGC0000070	0	0	0	1	0	0	0	0	0	0	0	0	
BGC0001541	0	0	0	2	0	0	0	0	0	0	0	0	
BGC0000273	0	0	0	1	0	0	0	0	0	0	0	0	
BGC0001517	0	0	0	1	0	0	0	0	0	0	0	0	
BGC0000847	0	0	0	1	0	0	0	0	0	0	0	0	
BGC0001234	0	0	0	3	0	0	0	0	0	0	0	0	
BGC0001404	0	0	0	1	0	0	0	0	0	0	0	0	
BGC0001247	0	0	0	1	0	0	0	0	0	0	0	0	
BGC0000445	0	0	0	3	0	0	1	0	1	0	2	0	
BGC0001205	0	0	0	2	0	0	0	0	0	0	0	0	
BGC0001724	0	0	0	1	0	0	0	0	0	0	0	0	
BGC0001699	0	0	0	1	0	1	0	0	0	0	2	0	
BGC0000269	0	0	0	1	0	0	0	0	0	0	0	0	
BGC0000201	0	0	0	1	0	0	0	0	0	0	0	0	
BGC0000676	0	0	0	1	0	0	0	0	0	0	0	0	
BGC0000171	0	0	0	1	0	0	0	0	0	0	0	0	
BGC0001572	0	0	0	1	0	0	0	0	0	0	0	0	
BGC0000020	0	0	0	1	0	1	0	0	0	0	1	0	
BGC0001592	0	0	0	1	0	0	0	0	0	0	0	0	
BGC0000046	0	0	0	1	0	0	0	0	0	0	0	0	
BGC0000992	0	0	0	1	0	0	0	0	0	0	0	0	
BGC0001712	0	0	0	1	0	0	0	0	0	0	0	0	
BGC0001542	0	0	0	1	0	0	0	0	0	0	0	0	
BGC0000961	0	0	0	1	0	0	0	0	0	0	0	0	
BGC0000949	0	0	0	1	0	2	0	0	0	0	3	0	
BGC0000030	0	0	0	1	0	0	0	0	0	0	0	0	
BGC0001158	0	0	0	1	0	0	0	0	0	0	0	0	
BGC0000688	0	0	0	1	0	0	0	0	0	0	0	0	
BGC0000160	0	0	0	1	0	0	0	0	0	0	0	0	
BGC0001143	0	0	0	1	0	0	0	0	0	0	0	0	
BGC0000956	0	0	0	1	0	0	0	0	0	0	0	0	
BGC0000897	0	0	0	1	0	0	0	0	0	0	0	0	
BGC0000889	0	0	0	1	0	0	0	0	0	0	0	0	
BGC0001486	0	0	0	2	0	0	0	0	0	0	0	0	
BGC0001617	0	0	0	1	0	0	0	0	0	0	0	0	
BGC0000180	0	0	0	2	0	0	0	0	0	0	0	0	
BGC0001221	0	0	0	1	0	0	0	0	0	0	0	0	
BGC0000120	0	0	0	1	0	0	2	0	0	2	2	0	
BGC0000629	0	0	0	1	0	0	0	0	0	0	0	0	
BGC0001516	0	0	0	2	0	0	0	0	0	0	0	0	
BGC0000105	0	0	0	2	0	0	0	0	0	0	0	0	
BGC0000048	0	0	0	1	0	0	0	0	0	0	0	0	
BGC0001405	0	0	0	2	0	0	0	0	0	0	0	0	
BGC0000022	0	0	0	1	0	0	0	0	0	0	0	0	
BGC0001281	0	0	0	1	0	2	0	0	0	0	2	0	
BGC0000295	0	0	1	3	0	0	0	0	0	0	0	0	
BGC0001770	0	0	0	1	0	0	0	0	0	0	1	0	
BGC0000842	0	1	0	1	0	0	0	0	0	0	0	0	
BGC0000959	0	0	0	1	0	0	0	0	0	0	0	0	
BGC0001255	0	0	0	2	0	0	0	0	0	0	0	0	
BGC0001484	0	0	0	1	0	2	0	0	0	0	2	0	
BGC0001305	0	0	0	1	0	0	0	0	0	0	0	0	
BGC0000947	0	0	2	2	0	0	0	0	0	0	1	0	
BGC0001768	0	0	0	1	0	0	0	0	0	0	0	0	
BGC0000338	0	0	0	2	0	1	0	0	0	0	2	0	
BGC0000758	0	0	0	1	0	0	0	0	0	0	0	0	
BGC0000406	0	0	0	3	0	0	0	0	0	0	0	0	
BGC0001399	0	0	0	1	0	0	0	0	0	0	0	0	
BGC0000946	0	0	0	1	0	0	0	0	0	0	0	0	
BGC0000703	0	0	0	2	0	0	0	0	0	0	7	0	
BGC0000846	0	0	0	1	0	0	0	0	0	0	0	0	
BGC0001445	0	0	0	1	0	0	0	0	0	0	0	0	
BGC0000372	0	0	0	1	0	0	0	0	0	0	0	0	
BGC0001040	0	0	0	2	0	0	0	0	0	0	1	0	
BGC0001373	0	0	0	1	0	0	0	0	0	0	0	0	
BGC0001476	0	0	0	2	0	0	0	0	0	0	0	0	
BGC0000343	0	0	0	2	0	0	0	0	0	0	0	0	
BGC0001381	0	0	0	1	0	0	2	0	1	0	1	0	
BGC0000336	0	0	0	2	0	3	1	0	1	0	6	0	
BGC0001735	0	0	0	1	0	0	0	0	0	0	0	0	
BGC0000807	0	0	0	2	0	0	1	0	0	0	1	0	
BGC0000882	0	0	0	2	0	0	0	0	0	0	2	0	
BGC0001387	0	0	0	2	0	0	0	0	0	0	0	0	
BGC0001720	0	0	0	1	0	0	0	0	0	0	0	0	
BGC0000247	0	0	0	1	0	0	1	0	1	0	1	0	
BGC0001713	0	0	1	2	0	0	0	0	0	0	0	0	
BGC0001118	0	0	0	1	0	0	0	0	0	0	0	0	
BGC0001278	0	0	0	1	0	0	0	0	0	0	0	0	
BGC0000937	0	0	0	1	0	0	0	0	0	0	0	0	
BGC0001739	0	0	0	1	0	0	0	0	0	0	0	0	
BGC0000355	0	0	0	1	0	0	0	0	0	0	0	0	
BGC0000903	0	0	0	1	0	0	0	0	0	0	0	0	
BGC0001522	0	0	0	2	0	0	1	0	1	0	3	0	
BGC0000266	0	0	0	1	0	0	0	0	0	0	0	0	
BGC0000930	0	0	0	1	0	0	0	0	0	0	0	0	
BGC0000337	0	0	0	1	0	2	0	0	0	0	2	0	
BGC0001498	0	0	1	1	0	0	0	0	0	0	1	0	
BGC0001515	0	0	0	1	0	1	0	0	0	0	2	0	
BGC0001811	0	0	0	1	0	0	0	0	0	0	0	0	
BGC0000280	0	0	0	1	0	0	0	0	0	0	0	0	
BGC0000292	0	0	0	1	0	0	0	0	0	0	0	0	
BGC0000200	0	0	0	1	0	0	1	0	1	0	1	0	
BGC0001059	0	0	0	1	0	0	0	0	0	0	1	0	
BGC0000877	0	0	0	1	0	0	0	0	0	0	0	0	
BGC0000939	0	0	1	1	0	0	0	0	0	0	1	0	
BGC0001408	0	0	1	1	0	0	0	0	0	0	0	0	
BGC0000279	0	0	0	1	0	0	0	0	0	0	0	0	
BGC0001277	0	0	0	1	0	0	0	0	0	0	0	0	
BGC0001827	0	0	0	1	0	0	2	0	0	1	2	0	
BGC0000060	0	0	0	1	0	0	0	0	0	0	0	0	
BGC0000375	0	0	0	1	0	0	0	0	0	0	0	0	
BGC0000395	0	0	0	1	0	0	0	0	0	0	0	0	
BGC0001057	0	0	0	1	0	0	0	0	0	0	0	0	
BGC0000722	0	0	0	1	0	0	0	0	0	0	0	0	
BGC0000883	0	0	0	2	0	0	0	0	0	0	0	0	
BGC0000723	0	0	0	1	0	0	0	0	0	0	0	0	
BGC0001044	0	0	0	1	0	2	0	0	0	0	2	0	
BGC0000888	0	0	0	1	0	0	0	0	0	0	0	0	
BGC0000719	0	0	0	1	0	0	0	0	0	0	0	0	
BGC0000627	0	0	0	1	0	0	0	0	0	0	0	0	
BGC0001610	0	0	0	1	0	0	0	0	0	0	0	0	
BGC0000966	0	0	0	1	0	2	0	0	0	0	2	0	
BGC0001499	0	0	1	1	0	0	0	0	0	0	0	0	
BGC0000874	0	0	0	1	0	0	0	0	0	0	1	0	
BGC0000702	0	0	0	1	0	0	0	0	0	0	0	0	
BGC0000720	0	0	0	1	0	0	0	0	0	0	0	0	
BGC0000721	0	0	0	1	0	0	0	0	0	0	0	0	
BGC0001531	0	0	0	1	0	0	0	0	0	0	0	0	
BGC0001259	0	0	0	1	0	0	0	0	0	0	0	0	
BGC0001272	0	0	0	1	0	0	0	0	0	0	0	0	
BGC0001679	0	0	0	1	0	0	0	0	0	0	0	0	
BGC0000818	0	0	0	1	0	0	0	0	0	0	0	0	
BGC0001306	0	0	0	1	0	0	0	0	0	0	0	0	
BGC0001800	0	0	0	1	0	0	0	0	0	0	0	0	
BGC0000585	0	0	0	1	0	0	0	0	0	0	0	0	
BGC0001537	0	0	0	1	0	0	0	0	0	0	0	0	
BGC0001519	0	0	0	1	0	0	1	0	1	0	1	0	
BGC0001189	0	0	1	0	0	0	0	0	0	0	1	0	
BGC0000424	0	0	2	0	0	0	0	0	0	0	1	0	
BGC0000330	0	0	1	0	0	1	0	0	0	0	1	0	
BGC0001721	0	0	1	0	0	0	0	0	0	0	2	0	
BGC0001014	0	0	1	0	0	2	0	0	0	0	2	0	
BGC0000768	0	0	1	0	0	1	0	0	0	0	1	0	
BGC0000862	0	0	1	0	0	0	0	0	0	0	0	0	
BGC0000573	0	0	1	0	0	0	0	0	0	0	0	0	
BGC0001412	0	0	1	0	0	0	0	0	0	0	0	0	
BGC0001786	0	0	1	0	0	0	0	0	0	0	0	0	
BGC0000294	0	0	1	0	0	2	0	0	0	0	3	0	
BGC0000577	0	0	1	0	0	0	0	0	0	0	0	0	
BGC0000460	0	0	1	0	0	0	0	0	0	0	0	0	
BGC0000461	0	0	1	0	0	1	0	0	0	0	1	0	
BGC0001657	0	0	1	0	0	1	0	0	0	0	1	0	
BGC0000576	0	0	1	0	0	0	0	0	0	0	0	0	
BGC0001508	0	0	0	0	0	0	2	0	0	1	2	0	
BGC0000794	0	0	0	0	0	0	1	0	0	0	1	0	
BGC0001674	0	0	0	0	0	0	1	0	1	0	2	0	
BGC0001779	0	0	0	0	0	0	1	0	1	0	2	0	
BGC0001660	0	0	0	0	0	0	1	0	1	0	1	0	
BGC0000439	0	0	0	0	0	0	1	0	1	0	1	0	
BGC0000379	0	0	0	0	0	0	1	0	1	0	2	0	
BGC0000579	0	0	0	0	0	0	1	0	1	0	1	0	
BGC0000429	0	0	0	0	0	0	2	0	2	0	1	0	
BGC0001773	0	0	0	0	0	0	1	0	1	0	1	0	
BGC0000198	0	0	0	0	0	0	1	0	1	0	1	0	
BGC0000128	0	0	0	0	0	0	2	0	2	0	2	0	
BGC0000333	0	0	0	0	0	0	1	0	1	0	1	0	
BGC0001447	0	0	0	0	0	0	1	0	1	0	2	0	
BGC0000415	0	0	0	0	0	0	1	0	1	0	1	0	
BGC0000296	0	0	0	0	0	0	2	0	2	0	3	0	
BGC0000450	0	0	0	0	0	0	1	0	1	0	2	0	
BGC0001228	0	0	0	0	0	0	1	0	1	0	2	0	
BGC0000782	0	0	0	0	0	0	1	0	0	0	1	0	
BGC0000785	0	0	0	0	0	0	1	0	0	0	1	0	
BGC0000503	0	0	0	0	0	0	1	0	1	0	1	0	
BGC0000210	0	0	0	0	0	0	1	0	1	0	1	0	
BGC0000127	0	0	0	0	0	0	2	0	2	0	2	0	
BGC0001579	0	0	0	0	0	0	1	0	1	0	1	0	
BGC0001359	0	0	0	0	0	0	1	0	1	0	1	0	
BGC0001620	0	0	0	0	0	0	1	0	1	0	1	0	
BGC0001763	0	0	0	0	0	0	1	0	1	0	1	0	
BGC0001655	0	0	0	0	0	0	1	0	1	0	1	0	
BGC0000783	0	0	0	0	0	0	1	0	0	0	1	0	
BGC0001448	0	0	0	0	0	0	1	0	1	0	1	0	
BGC0000544	0	0	0	0	0	0	1	0	1	0	3	0	
BGC0001226	0	0	0	0	0	0	2	0	2	0	2	0	
BGC0000034	0	0	0	0	0	0	1	0	1	0	1	0	
BGC0000061	0	0	0	0	0	0	1	0	1	0	1	0	
BGC0000434	0	0	0	0	0	0	1	0	1	0	2	0	
BGC0000736	0	0	0	0	0	0	1	0	0	0	1	0	
BGC0001159	0	0	0	0	0	0	2	0	1	0	1	0	
BGC0000191	0	0	0	0	0	0	1	0	1	0	1	0	
BGC0001684	0	0	0	0	0	0	1	0	1	0	1	0	
BGC0000212	0	0	0	0	0	0	1	0	1	0	1	0	
BGC0000774	0	0	0	0	0	0	1	0	0	0	1	0	
BGC0001060	0	0	0	0	0	0	1	0	1	0	2	0	
BGC0001297	0	0	0	0	0	0	1	0	1	0	1	0	
BGC0000605	0	0	0	0	0	0	1	0	1	0	1	0	
BGC0001061	0	0	0	0	0	0	1	0	1	0	1	0	
BGC0000256	0	0	0	0	0	0	1	0	1	0	1	0	
BGC0000563	0	0	0	0	0	0	1	0	1	0	1	0	
BGC0001409	0	0	0	0	0	0	1	0	1	0	1	0	
BGC0000529	0	0	0	0	0	0	1	0	1	0	3	0	
BGC0000734	0	0	0	0	0	0	1	0	0	0	1	0	
BGC0000042	0	0	0	0	0	0	1	0	1	0	1	0	
BGC0001170	0	0	0	0	0	0	2	0	2	0	1	0	
BGC0000151	0	0	0	0	0	0	1	0	1	0	1	0	
BGC0001074	0	0	0	0	0	0	1	0	1	0	2	0	
BGC0001658	0	0	0	0	0	0	1	0	1	0	1	0	
BGC0000564	0	0	0	0	0	0	2	0	2	0	1	0	
BGC0000795	0	0	0	0	0	0	1	0	0	0	1	0	
BGC0001452	0	0	0	0	0	0	1	0	1	0	1	0	
BGC0000735	0	0	0	0	0	0	1	0	0	0	1	0	
BGC0001623	0	0	0	0	0	0	1	0	1	0	1	0	
BGC0001558	0	0	0	0	0	0	1	0	1	0	2	0	
BGC0001568	0	0	0	0	0	0	1	0	1	0	2	0	
BGC0001619	0	0	0	0	0	0	1	0	1	0	1	0	
BGC0000299	0	0	0	0	0	0	1	0	1	0	2	0	
BGC0000314	0	0	0	0	0	0	1	0	1	0	1	0	
BGC0000053	0	0	0	0	0	0	1	0	1	0	1	0	
BGC0001582	0	0	0	0	0	0	1	0	1	0	1	0	
BGC0000199	0	0	0	0	0	0	1	0	1	0	1	0	
BGC0000569	0	0	0	0	0	0	1	0	1	0	1	0	
BGC0000078	0	0	0	0	0	0	1	0	1	0	1	0	
BGC0000796	0	0	0	0	0	0	1	0	0	0	1	0	
BGC0000880	0	0	0	0	0	0	1	0	1	0	1	0	
BGC0000998	0	0	0	0	0	0	2	0	0	0	1	0	
BGC0000026	0	0	0	0	0	0	1	0	0	0	1	0	
BGC0001173	0	0	0	0	0	0	1	0	1	0	1	0	
BGC0000838	0	0	0	0	0	0	1	0	1	0	1	0	
BGC0001036	0	0	0	0	0	0	1	0	1	0	1	0	
BGC0001130	0	0	0	0	0	0	1	0	1	0	1	0	
BGC0000566	0	0	0	0	0	0	2	0	2	0	1	0	
BGC0001117	0	0	0	0	0	0	1	0	1	0	1	0	
BGC0000362	0	0	0	0	0	0	2	0	2	0	1	0	
BGC0000634	0	0	0	0	0	0	1	0	1	0	1	0	
BGC0000643	0	0	0	0	0	0	1	0	1	0	1	0	
BGC0001607	0	0	0	0	0	0	1	0	1	0	1	0	
BGC0000052	0	0	0	0	0	0	1	0	0	0	1	0	
BGC0001581	0	0	0	0	0	0	1	0	0	0	1	0	
BGC0001540	0	0	0	0	0	0	1	0	1	0	2	0	
BGC0000792	0	0	0	0	0	0	1	0	0	0	1	0	
BGC0000651	0	0	0	0	0	0	1	0	0	0	1	0	
BGC0000775	0	0	0	0	0	0	1	0	0	0	1	0	
BGC0001171	0	0	0	0	0	0	1	0	0	0	1	0	
BGC0000772	0	0	0	0	0	0	1	0	0	0	1	0	
BGC0000367	0	0	0	0	0	0	1	0	0	0	1	0	
BGC0000509	0	0	0	0	0	1	1	0	0	0	1	0	
BGC0000321	0	0	0	0	0	2	0	0	0	0	2	0	
BGC0001820	0	0	0	0	0	2	0	0	0	0	2	0	
BGC0001821	0	0	0	0	0	2	0	0	0	0	2	0	
BGC0001274	0	0	0	0	0	2	0	0	0	0	2	0	
BGC0001565	0	0	0	0	0	2	0	0	0	0	2	0	
BGC0001636	0	0	0	0	0	2	0	0	0	0	2	0	
BGC0001076	0	0	0	0	0	2	0	0	0	0	2	0	
BGC0000347	0	0	0	0	0	2	0	0	0	0	4	0	
BGC0000875	0	0	0	0	0	2	0	0	0	0	2	0	
BGC0001111	0	0	0	0	0	0	0	0	0	0	2	0	
BGC0000872	0	0	0	0	0	2	0	0	0	0	2	0	
BGC0001402	0	0	0	0	0	2	0	0	0	0	2	0	
BGC0001830	0	0	0	0	0	0	0	0	0	0	2	0	
BGC0000019	0	0	0	0	0	0	0	0	0	0	2	0	
BGC0001214	0	0	0	0	0	0	0	0	0	0	2	0	
BGC0001812	0	0	0	0	0	0	0	0	0	0	2	0	
BGC0000932	0	0	0	0	0	0	0	0	0	0	2	0	
BGC0001362	0	0	0	0	0	0	0	0	0	0	2	0	
BGC0001100	0	0	0	0	0	0	0	0	0	0	4	0	
BGC0000612	0	0	0	0	0	0	0	0	0	0	2	0	
BGC0001133	0	0	0	0	0	0	0	0	0	0	2	0	
BGC0000085	0	0	0	0	0	0	0	0	0	0	2	0	
BGC0001371	0	0	0	0	0	1	0	0	0	0	2	0	
BGC0001035	0	0	0	0	0	1	0	0	0	0	2	0	
BGC0001585	0	0	0	0	0	2	0	0	0	0	2	0	
BGC0001358	0	0	0	0	0	1	0	0	0	0	2	0	
BGC0001051	0	0	0	0	0	0	0	0	0	0	2	0	
BGC0001116	0	0	0	0	0	0	0	0	0	0	2	0	
BGC0001120	0	0	0	0	0	0	0	0	0	0	4	0	
BGC0001606	0	0	0	0	0	2	0	0	0	0	2	0	
BGC0000062	0	0	0	0	0	2	0	0	0	0	2	0	
BGC0000063	0	0	0	0	0	2	0	0	0	0	2	0	
BGC0000535	0	0	0	0	0	0	0	0	0	0	2	0	
BGC0000538	0	0	0	0	0	0	0	0	0	0	1	0	
BGC0000502	0	0	0	0	0	1	0	0	1	0	2	0	
BGC0000536	0	0	0	0	0	0	0	0	0	0	2	0	
BGC0001407	0	0	0	0	0	1	0	0	0	0	1	0	
BGC0000517	0	0	0	0	0	1	0	0	0	0	1	0	
BGC0000500	0	0	0	0	0	1	0	0	0	0	1	0	
BGC0001391	0	0	0	0	0	1	0	0	0	0	2	0	
BGC0000408	0	0	0	0	0	2	0	0	0	0	2	0	
BGC0001153	0	0	0	0	0	2	0	0	0	0	2	0	
BGC0001289	0	0	0	0	0	1	0	0	0	0	1	0	
BGC0000381	0	0	0	0	0	0	0	0	0	0	1	0	
BGC0001192	0	0	0	0	0	2	0	0	0	0	2	0	
BGC0001210	0	0	0	0	0	1	0	0	0	0	2	0	
BGC0001727	0	0	0	0	0	0	0	0	0	0	2	0	
BGC0001715	0	0	0	0	0	2	0	0	0	0	3	0	
BGC0000560	0	0	0	0	0	1	0	0	0	0	1	0	
BGC0000516	0	0	0	0	0	1	0	0	0	0	1	0	
BGC0000403	0	0	0	0	0	2	0	0	0	0	2	0	
BGC0000571	0	0	0	0	0	1	0	0	0	0	1	0	
BGC0000400	0	0	0	0	0	2	0	0	0	0	2	0	
BGC0000497	0	0	0	0	0	1	0	0	0	0	2	0	
BGC0000552	0	0	0	0	0	1	0	0	0	0	2	0	
BGC0000527	0	0	0	0	0	1	0	0	0	0	2	0	
BGC0001229	0	0	0	0	0	1	0	0	0	0	1	0	
BGC0000515	0	0	0	0	0	0	0	0	0	0	2	0	
BGC0001393	0	0	0	0	0	0	0	0	1	0	2	0	
BGC0000708	0	0	0	0	0	2	0	0	0	0	3	0	
BGC0001789	0	0	0	0	0	0	0	0	0	0	2	0	
BGC0000504	0	0	0	0	0	1	0	0	0	0	1	0	
BGC0000554	0	0	0	0	0	1	0	0	0	0	1	0	
BGC0001005	0	0	0	0	0	0	0	0	0	0	2	0	
BGC0000449	0	0	0	0	0	2	0	0	0	0	2	0	
BGC0000511	0	0	0	0	0	0	0	0	0	0	2	0	
BGC0000549	0	0	0	0	0	0	0	0	0	0	2	0	
BGC0000626	0	0	0	0	0	1	0	0	0	0	2	0	
BGC0000542	0	0	0	0	0	0	0	0	0	0	2	0	
BGC0000433	0	0	0	0	0	0	0	0	0	0	1	0	
BGC0000289	0	0	0	0	0	1	0	0	0	0	3	0	
BGC0000506	0	0	0	0	0	0	0	0	0	0	2	0	
BGC0000322	0	0	0	0	0	1	0	0	0	0	1	0	
BGC0001460	0	0	0	0	0	1	0	0	0	0	1	0	
BGC0000559	0	0	0	0	0	0	0	0	0	0	2	0	
BGC0001009	0	0	0	0	0	1	0	0	0	0	1	0	
BGC0001010	0	0	0	0	0	1	0	0	0	0	1	0	
BGC0001462	0	0	0	0	0	1	0	0	0	0	1	0	
BGC0000543	0	0	0	0	0	1	0	0	0	0	1	0	
BGC0000584	0	0	0	0	0	1	0	0	0	0	1	0	
BGC0001311	0	0	0	0	0	1	0	0	0	0	2	0	
BGC0000556	0	0	0	0	0	0	0	0	0	0	2	0	
BGC0000537	0	0	0	0	0	0	0	0	0	0	2	0	
BGC0001356	0	0	0	0	0	1	0	0	0	0	1	0	
BGC0000540	0	0	0	0	0	1	0	0	0	0	1	0	
BGC0000327	0	0	0	0	0	2	0	0	0	0	2	0	
BGC0001645	0	0	0	0	0	1	0	0	0	0	1	0	
BGC0001701	0	0	0	0	0	0	0	0	0	0	2	0	
BGC0000311	0	0	0	0	0	1	0	0	0	0	1	0	
BGC0001459	0	0	0	0	0	1	0	0	0	0	1	0	
BGC0000589	0	0	0	0	0	1	0	0	0	0	1	0	
BGC0000587	0	0	0	0	0	1	0	0	0	0	1	0	
BGC0000541	0	0	0	0	0	0	0	0	0	0	2	0	
BGC0001207	0	0	0	0	0	1	0	0	0	0	1	0	
BGC0000616	0	0	0	0	0	0	0	0	0	0	1	0	
BGC0000455	0	0	0	0	0	1	0	0	0	0	1	0	
BGC0000601	0	0	0	0	0	0	0	0	0	0	1	0	
BGC0001461	0	0	0	0	0	1	0	0	0	0	1	0	
BGC0001526	0	0	0	0	0	0	0	0	0	0	1	0	
BGC0001233	0	0	0	0	0	1	0	0	0	0	1	0	
BGC0000934	0	0	0	0	0	2	0	0	0	0	2	0	
BGC0000588	0	0	0	0	0	1	0	0	0	0	1	0	
BGC0001364	0	0	0	0	0	0	0	0	0	0	1	0	
BGC0000135	0	0	0	0	0	0	0	0	0	0	1	0	
BGC0000274	0	0	0	0	0	0	0	0	0	0	1	0	
BGC0001147	0	0	0	0	0	2	0	0	0	0	2	0	
BGC0000590	0	0	0	0	0	1	0	0	0	0	1	0	
BGC0001525	0	0	0	0	0	0	0	0	0	0	1	0	
BGC0000709	0	0	0	0	0	2	0	0	0	0	2	0	
BGC0000710	0	0	0	0	0	2	0	0	0	0	2	0	
BGC0000711	0	0	0	0	0	2	0	0	0	0	2	0	
BGC0000340	0	0	0	0	0	0	0	0	0	0	1	0	
BGC0001178	0	0	0	0	0	1	0	0	0	0	1	0	
BGC0000288	0	0	0	0	0	2	0	0	0	0	2	0	
BGC0000533	0	0	0	0	0	1	0	0	0	0	1	0	
BGC0000287	0	0	0	0	0	0	0	0	0	0	1	0	
BGC0000410	0	0	0	0	0	2	0	0	0	0	3	0	
BGC0001801	0	0	0	0	0	2	0	0	0	0	2	0	
BGC0000713	0	0	0	0	0	2	0	0	0	0	2	0	
BGC0000693	0	0	0	0	0	2	0	0	0	0	1	0	
BGC0000290	0	0	0	0	0	1	0	0	0	0	1	0	
BGC0000624	0	0	0	0	0	1	0	0	0	0	1	0	
BGC0001496	0	0	0	0	0	1	0	0	0	0	2	0	
BGC0000802	0	0	0	0	0	1	0	0	0	0	2	0	
BGC0000521	0	0	0	0	0	1	0	0	0	0	2	0	
BGC0000692	0	0	0	0	0	2	0	0	0	0	2	0	
BGC0001549	0	0	0	0	0	1	0	0	0	0	1	0	
BGC0000315	0	0	0	0	0	1	0	0	0	0	2	0	
BGC0001511	0	0	0	0	0	1	0	0	0	0	1	0	
BGC0000712	0	0	0	0	0	2	0	0	0	0	2	0	
BGC0000418	0	0	0	0	0	1	0	0	0	0	1	0	
BGC0000419	0	0	0	0	0	1	0	0	0	0	1	0	
BGC0000699	0	0	0	0	0	2	0	0	0	0	3	0	
BGC0000578	0	0	0	0	0	1	0	0	0	0	1	0	
BGC0000586	0	0	0	0	0	1	0	0	0	0	1	0	
BGC0000325	0	0	0	0	0	2	0	0	0	0	3	0	
BGC0001370	0	0	0	0	0	1	0	0	0	0	2	0	
BGC0000530	0	0	0	0	0	1	0	0	0	0	1	0	
BGC0000341	0	0	0	0	0	1	0	0	0	0	2	0	
BGC0000498	0	0	0	0	0	1	0	0	0	0	2	0	
BGC0000440	0	0	0	0	0	1	0	0	0	0	1	0	
BGC0000441	0	0	0	0	0	1	0	0	0	0	1	0	
BGC0000619	0	0	0	0	0	1	0	0	0	0	1	0	
BGC0001602	0	0	0	0	0	1	0	0	0	0	1	0	
BGC0001388	0	0	0	0	0	1	0	0	0	0	1	0	
BGC0001418	0	0	0	0	0	0	0	0	0	0	1	0	
BGC0000575	0	0	0	0	0	1	0	0	0	0	1	0	
BGC0001765	0	0	0	0	0	0	0	0	0	0	1	0	
BGC0000548	0	0	0	0	0	1	0	0	0	0	2	0	
BGC0000310	0	0	0	0	0	0	0	0	0	0	1	0	
BGC0001693	0	0	0	0	0	1	0	0	0	0	2	0	
BGC0000561	0	0	0	0	0	1	0	0	0	0	2	0	
BGC0000797	0	0	0	0	0	1	0	0	0	0	1	0	
BGC0001176	0	0	0	0	0	1	0	0	0	0	1	0	
BGC0000495	0	0	0	0	0	0	0	0	0	0	2	0	
BGC0000623	0	0	0	0	0	1	0	0	0	0	1	0	
BGC0001419	0	0	0	0	0	0	0	0	0	0	1	0	
BGC0000801	0	0	0	0	0	1	0	0	0	0	1	0	
BGC0000108	0	0	0	0	0	2	0	0	0	0	2	0	
BGC0000002	0	0	0	0	0	1	0	0	0	0	1	0	
BGC0000916	0	0	0	0	0	0	0	0	0	0	1	0	
BGC0000617	0	0	0	0	0	1	0	0	0	0	1	0	
BGC0000945	0	0	0	0	0	0	0	0	0	0	1	0	
BGC0000423	0	0	0	0	0	2	0	0	0	0	3	0	
BGC0001787	0	0	0	0	0	1	0	0	0	0	2	0	
BGC0000545	0	0	0	0	0	1	0	0	0	0	2	0	
BGC0001490	0	0	0	0	0	0	0	0	0	0	1	0	
BGC0000967	0	0	0	0	0	1	0	0	0	0	1	0	
BGC0000539	0	0	0	0	0	1	0	0	0	0	2	0	
BGC0000759	0	0	0	0	0	1	0	0	0	0	1	0	
BGC0001634	0	0	0	0	0	1	0	0	0	0	1	0	
BGC0000555	0	0	0	0	0	1	0	0	0	0	2	0	
BGC0000526	0	0	0	0	0	1	0	0	0	0	2	0	
BGC0000115	0	0	0	0	0	2	0	0	0	0	2	0	
BGC0001553	0	0	0	0	0	0	0	0	0	0	1	0	
BGC0000324	0	0	0	0	0	2	0	0	0	0	2	0	
BGC0000366	0	0	0	0	0	0	0	0	0	0	1	0	
BGC0000973	0	0	0	0	0	2	0	0	0	0	3	0	
BGC0000015	0	0	0	0	0	2	0	0	0	0	2	0	
BGC0001551	0	0	0	0	0	1	0	0	0	0	1	0	
BGC0001413	0	0	0	0	0	0	0	0	0	0	1	0	
BGC0001709	0	0	0	0	0	2	0	0	0	0	2	0	
BGC0000547	0	0	0	0	0	1	0	0	0	0	2	0	
BGC0001058	0	0	0	0	0	0	0	0	0	0	1	0	
BGC0001767	0	0	0	0	0	0	0	0	0	0	1	0	
BGC0001640	0	0	0	0	0	1	0	0	0	0	1	0	
BGC0000523	0	0	0	0	0	1	0	0	1	0	2	0	
BGC0001421	0	0	0	0	0	0	0	0	0	0	1	0	
BGC0001618	0	0	0	0	0	0	0	0	0	0	1	0	
BGC0001425	0	0	0	0	0	0	0	0	0	0	1	0	
BGC0001426	0	0	0	0	0	0	0	0	0	0	1	0	
BGC0001427	0	0	0	0	0	0	0	0	0	0	1	0	
BGC0001292	0	0	0	0	0	2	0	0	0	0	2	0	
BGC0001422	0	0	0	0	0	0	0	0	0	0	1	0	
BGC0001424	0	0	0	0	0	0	0	0	0	0	1	0	
BGC0001764	0	0	0	0	0	0	0	0	0	0	1	0	
BGC0001491	0	0	0	0	0	2	0	0	0	0	2	0	
BGC0001428	0	0	0	0	0	0	0	0	0	0	1	0	
BGC0000557	0	0	0	0	0	1	0	0	0	0	2	0	
BGC0001788	0	0	0	0	0	1	0	0	0	0	2	0	
BGC0000326	0	0	0	0	0	1	0	0	0	0	1	0	
BGC0001423	0	0	0	0	0	0	0	0	0	0	1	0	
BGC0000600	0	0	0	0	0	1	0	0	0	0	2	0	
BGC0001188	0	0	0	0	0	1	0	0	0	0	1	0	
BGC0001532	0	0	0	0	0	0	0	0	0	0	1	0	
BGC0001395	0	0	0	0	0	2	0	0	0	0	3	0	
BGC0000581	0	0	0	0	0	1	0	0	0	0	1	0	
BGC0000690	0	0	0	0	0	2	0	0	0	0	1	0	
BGC0000528	0	0	0	0	0	0	0	0	0	0	1	0	
BGC0000116	0	0	0	0	0	2	0	0	0	0	2	0	
BGC0000141	0	0	0	0	0	0	0	0	0	0	1	0	
BGC0001550	0	0	0	0	0	1	0	0	0	0	1	0	
BGC0000360	0	0	0	0	0	2	0	0	0	0	2	0	
BGC0001552	0	0	0	0	0	1	0	0	0	0	1	0	
BGC0000320	0	0	0	0	0	0	0	0	0	0	1	0	
BGC0000214	0	0	0	0	0	0	0	0	0	0	1	0	
BGC0001127	0	0	0	0	0	0	0	0	0	0	1	0	
BGC0000243	0	0	0	0	0	0	0	0	0	0	1	0	
BGC0001639	0	0	0	0	0	1	0	0	0	0	1	0	
BGC0000464	0	0	0	0	0	1	0	0	0	0	1	0	
BGC0001711	0	0	0	0	0	1	0	0	0	0	1	0	
BGC0000412	0	0	0	0	0	1	0	0	0	0	2	0	
BGC0001406	0	0	0	0	0	0	0	0	0	0	1	0	
BGC0000558	0	0	0	0	0	1	0	0	0	0	1	0	
BGC0001524	0	0	0	0	0	1	0	0	0	0	1	0	
BGC0000599	0	0	0	0	0	0	0	0	0	0	1	0	
BGC0001752	0	0	0	0	0	2	0	0	0	0	2	0	
BGC0000496	0	0	0	0	0	1	0	0	0	0	2	0	
BGC0000514	0	0	0	0	0	1	0	0	0	0	2	0	
BGC0001211	0	0	0	0	0	2	0	0	0	0	2	0	
BGC0000691	0	0	0	0	0	0	0	0	0	0	1	0	
BGC0000724	0	0	0	0	0	2	0	0	0	0	2	0	
BGC0001327	0	0	0	0	0	1	0	0	0	0	1	0	
BGC0001328	0	0	0	0	0	1	0	0	0	0	1	0	
BGC0000519	0	0	0	0	0	1	0	0	0	0	2	0	
BGC0000513	0	0	0	0	0	1	0	0	0	0	2	0	
BGC0001494	0	0	0	0	0	1	0	0	0	0	1	0	
BGC0001048	0	0	0	0	0	1	0	0	0	0	1	0	
BGC0001514	0	0	0	0	0	0	0	0	0	0	1	0	
BGC0000486	0	0	0	0	0	0	0	0	0	0	1	0	
BGC0001379	0	0	0	0	0	2	0	0	0	0	2	0	
BGC0001363	0	0	0	0	0	1	0	0	0	0	1	0	
BGC0001754	0	0	0	0	0	1	0	0	0	0	1	0	
BGC0000489	0	0	0	0	0	0	0	0	0	0	1	0	
BGC0000432	0	0	0	0	0	2	0	0	0	0	2	0	
BGC0001716	0	0	0	0	0	1	0	0	0	0	1	0	
BGC0001630	0	0	0	0	0	0	0	0	0	0	1	0	
BGC0000572	0	0	0	0	0	0	0	0	0	0	1	0	
BGC0001331	0	0	0	0	0	0	0	0	0	0	1	0	
BGC0001330	0	0	0	0	0	0	0	0	0	0	1	0	
BGC0000250	0	0	0	0	0	0	0	0	0	0	1	0	
BGC0000804	0	0	0	0	0	0	0	0	0	0	1	0	
BGC0000349	0	0	0	0	0	2	0	0	0	0	2	0	
BGC0000546	0	0	0	0	0	1	0	0	0	0	2	0	
BGC0001341	0	0	0	0	0	0	0	0	0	0	1	0	
BGC0000551	0	0	0	0	0	1	0	0	0	0	2	0	
BGC0000351	0	0	0	0	0	2	0	0	0	0	1	0	
BGC0001222	0	0	0	0	0	0	0	0	0	0	1	0	
BGC0000582	0	0	0	0	0	0	0	0	0	0	1	0	
BGC0000501	0	0	0	0	0	1	0	0	0	0	2	0	
BGC0001092	0	0	0	0	0	0	0	0	0	0	2	0	
BGC0000568	0	0	0	0	0	0	0	0	0	0	1	0	
BGC0000491	0	0	0	0	0	0	0	0	0	0	1	0	
BGC0000565	0	0	0	0	0	0	0	0	0	0	2	0	
BGC0001638	0	0	0	0	0	1	0	0	0	0	1	0	
BGC0000592	0	0	0	0	0	1	0	0	0	0	1	0	
BGC0000602	0	0	0	0	0	0	0	0	0	0	1	0	
BGC0000306	0	0	0	0	0	0	0	0	0	0	1	0	
BGC0000518	0	0	0	0	0	0	0	0	0	0	1	0	
BGC0001576	0	0	0	0	0	1	0	0	0	0	1	0	
BGC0000534	0	0	0	0	0	1	0	0	0	0	1	0	
BGC0000583	0	0	0	0	0	0	0	0	0	0	1	0	
BGC0000339	0	0	0	0	0	0	0	0	0	0	1	0	
BGC0000331	0	0	0	0	0	1	0	0	0	0	1	0	
BGC0001033	0	0	0	0	0	0	0	0	0	0	1	0	
BGC0001652	0	0	0	0	0	0	0	0	0	0	1	0	
BGC0000448	0	0	0	0	0	0	0	0	0	0	1	0	
BGC0000332	0	0	0	0	0	1	0	0	0	0	1	0	
BGC0001018	0	0	0	0	0	1	0	0	0	0	1	0	
BGC0001015	0	0	0	0	0	1	0	0	0	0	1	0	
BGC0000594	0	0	0	0	0	1	0	0	0	0	1	0	
BGC0000298	0	0	0	0	0	1	0	0	0	0	1	0	
BGC0001667	0	0	0	0	0	1	0	0	0	0	1	0	
BGC0000302	0	0	0	0	0	1	0	0	0	0	1	0	
BGC0000397	0	0	0	0	0	1	0	0	0	0	1	0	
BGC0001748	0	0	0	0	0	1	0	0	0	0	1	0	
BGC0000484	0	0	0	0	0	1	0	0	0	0	1	0	
BGC0001016	0	0	0	0	0	1	0	0	0	0	1	0	
BGC0001028	0	0	0	0	0	1	0	0	0	0	1	0	
BGC0001705	0	0	0	0	0	1	0	0	0	0	1	0	
BGC0000430	0	0	0	0	0	1	0	0	0	0	1	0	
BGC0001017	0	0	0	0	0	1	0	0	0	0	1	0	
BGC0000428	0	0	0	0	0	0	0	0	0	0	1	0	
BGC0000522	0	0	0	0	0	0	0	0	0	0	1	0	
BGC0001743	0	0	0	0	0	0	0	0	0	0	1	0	
BGC0000301	0	0	0	0	0	1	0	0	0	0	1	0	
BGC0001125	0	0	0	0	0	0	0	0	0	0	1	0	
BGC0001329	0	0	0	0	0	1	0	0	0	0	1	0	
BGC0000494	0	0	0	0	0	0	0	0	0	0	1	0	
BGC0000620	0	0	0	0	0	0	0	0	0	0	1	0	
BGC0000762	0	0	0	0	0	0	0	0	0	0	1	0	
BGC0000490	0	0	0	0	0	0	0	0	0	0	1	0	
BGC0000508	0	0	0	0	0	2	0	0	0	0	1	0	
BGC0001291	0	0	0	0	0	0	0	0	0	0	1	0	
BGC0000679	0	0	0	0	0	1	0	0	0	0	1	0	
BGC0000374	0	0	0	0	0	0	0	0	0	0	1	0	
BGC0000553	0	0	0	0	0	1	0	0	0	0	0	0	
BGC0000297	0	0	0	0	0	1	0	0	0	0	0	0	
BGC0000531	0	0	0	0	0	1	0	0	0	0	0	0	
